5
4.97118366405636
4.88620273309896
4.74938217064988
4.56767031508161
4.35026375946511
4.10811092238105
3.85332117338696
3.59851148735149
3.35612598194722
3.13776515930901
2.95356114683788
2.81163274183208
2.71764974483464
2.67453015108971
2.68228657844763
2.73803023263339
2.83613218414773
2.96853321666914
3.12518546547063
3.2946019312574
3.46448411601709
3.62239379895103
3.75643258117297
3.85589240693577
3.91184183945798
3.91761634598725
3.86918604140465
3.76538097130877
3.60796172521626
3.40153154102804
3.15329464022511
2.87267385511584
2.5708082244787
2.25995773000504
1.95284737147805
1.66198606164508
1.39899718457263
1.17399703016016
0.995054726586184
0.867762881986781
0.794942155318233
0.77649572838257
0.809421538658761
0.887981594921817
1.00401919670557
1.14740687454224
1.30660079377574
1.46927160344766
1.62297757509577
1.75584358815941
1.85720920288795
1.91821073528596
1.93226582112438
1.89543423405337
1.80663542072327
1.66771097106283
1.48332863476281
1.26073307134121
1.00935681677053
0.740312515566366
0.465793893999635
0.198417889883367
-0.0494564601453525
-0.266395516177037
-0.442508789837756
-0.569983525879749
-0.643507178553669
-0.660554917039231
-0.621526597988772
-0.529725789236886
-0.391181976088858
-0.214325567739306
-0.00953328702179324
0.211431459249497
0.436052949213131
0.65173792990825
0.846494305459304
1.00957700814654
1.13206610777523
1.20734588269813
1.23145893645351
1.20331620713697
1.12475151630498
1.00041771829101
0.837530083928403
0.645470820839413
0.435276148191393
0.219033700385713
0.00922288751340794
-0.1819660720817
-0.343297577243579
-0.465104498454997
-0.539817223136106
-0.562379243353348
-0.530526777726519
-0.444917277736646
-0.309099847004305
-0.129329157812886
0.0857670808414202
0.325649123479315
0.578429723589236
0.83151166771287
1.07226382065189
1.28869910978178
1.470117771198
1.60768106009733
1.69488439068501
1.72790431334989
1.70580056432021
1.63056226599996
1.50699579022741
1.34246036534488
1.14646574748624
0.930153740955328
0.705691638007338
0.485610414590522
0.282123507708523
0.106463050256182
-0.0317305063711036
-0.124932341717002
-0.168142425852097
-0.15915774044925
-0.0986928246257597
0.00965788166527448
0.159613861147255
0.342548021482089
0.547953503137384
0.764012529078488
0.978236509148068
1.17814275484464
1.35193117801743
1.48912434703693
1.58113625627815
1.62173902198869
1.60740224105303
1.53748663988311
1.41428152573644
1.24288400545023
1.03092649942318
0.78816728825683
0.52596624148374
0.256674091122862
-0.00703170884927351
-0.252828605832005
-0.469411177839531
-0.647098141875746
-0.778351303717144
-0.858178377563758
-0.884397889402396
-0.857751842341838
-0.781860061649454
-0.6630187058216
-0.509853864021572
-0.332849003169321
-0.143771855404473
0.0449682209328949
0.220997610796651
0.372653866740108
0.489622617646122
0.563501476008072
0.588260408823594
0.560573640694552
0.480005110591593
0.349037429648795
0.172942757352482
-0.0404974308199871
-0.281408532905729
-0.538352457307206
-0.798942056989594
-1.0505071213301
-1.28077589512729
-1.47853525342065
-1.63423381535964
-1.74049536791301
-1.79251482362615
-1.78831529325019
-1.72885236986391
-1.61795998933239
-1.46214080512128
-1.27021242963261
-1.05282869397444
-0.821901841302163
-0.589956929548466
-0.369453387374735
-0.172110444016383
-0.00827294319861682
0.113648135138384
0.187630165613332
0.210363783774943
0.181430625146372
0.103324279584765
-0.0186866703475138
-0.176846111028164
-0.361332797550742
-0.560794826051541
-0.762967246814169
-0.955339385989571
-1.12583575274785
-1.26347367266644
-1.35896204698986
-1.40520882294584
-1.39770970016775
-1.33479702511306
-1.2177353913596
-1.05065875933736
-0.840352485450874
-0.595892043513159
-0.328157976718549
-0.0492533163139179
0.228145018807748
0.491465754816949
0.728916967496889
0.930117513918592
1.08665203462941
1.19251950636023
1.24445108651793
1.2420800648323
1.1879547416203
1.08739355303161
0.948190301279132
0.780185460176783
0.594726774267854
0.404048361166418
0.220601937204177
0.0563763773773942
-0.0777575482933527
-0.172641782701909
-0.221332737612528
-0.219483026866643
-0.165582502113165
-0.0610455313315543
0.0898602177545763
0.280239648994374
0.500938553003307
0.741034445722498
0.988423378243593
1.23047097117999
1.45469245035235
1.64942489030012
1.80445529311542
1.91157051953899
1.96499931784573
1.96172253492892
1.90163472716962
1.78754843010438
1.62504086037945
1.42215135020155
1.18894589199854
0.936972362135496
0.678635908109572
0.426528303522007
0.19274756550696
-0.0117553445918915
-0.177767383136999
-0.298309874540184
-0.369013686302165
-0.388352829307589
-0.357723846821644
-0.281366702398103
-0.166131455820381
-0.021103362962729
0.142893301651227
0.313885836519701
0.479406145550909
0.627170857651629
0.745751713358728
0.825199924456026
0.857590702886992
0.837458475134156
0.762099213797927
0.631723509221995
0.449452081496965
0.221153959875213
-0.0448639289165194
-0.338298980576465
-0.647403025295688
-0.95961057709445
-1.26221123696554
-1.54302987694736
-1.79107781129245
-1.99713973118314
-2.15426465598825
-2.25813434870443
-2.30728927484651
-2.30319989373965
-2.25017944167332
-2.15514294469124
-2.02722552065235
-1.8772806452279
-1.71728555257219
-1.55968596695223
-1.41671564466318
-1.29972756841247
-1.21857300527162
-1.1810620484242
-1.19253485250177
-1.25556678099123
-1.36982343626846
-1.53207343052454
-1.73635821824148
-1.97430981000239
-2.23559918335622
-2.50849113238149
-2.78047553635938
-3.03894089137367
-3.27185366057879
-3.46840668315011
-3.61960155564209
-3.71873347205078
-3.7617522869614
-3.74748026411146
-3.67767472802316
-3.55693222933945
-3.39243941090944
-3.19358405735625
-2.97144737686365
-2.73820499076543
-2.506469046395
-2.28860705420675
-2.09607430901599
-1.93879601919442
-1.82463257663737
-1.75895689992912
-1.74436671693566
-1.78054734935673
-1.8642924158485
-1.98968132304533
-2.14840392774505
-2.33021478794547
-2.52349240642976
-2.71587318779403
-2.89492578574851
-3.04882933106824
-3.16701882005552
-3.24076272019653
-3.26364151768851
-3.23190129217207
-3.14466316720406
-3.00397728472924
-2.81471836592998
-2.58432849398136
-2.32242102243494
-2.0402670287229
-1.75019208886123
-1.46491600281776
-1.19687118753154
-0.957536609128531
-0.756823284988452
-0.602544595489083
-0.50000005552549
-0.451695055670011
-0.457211724412387
-0.513237884537144
-0.613752520970669
-0.750357707399499
-0.91273901302153
-1.08922945789527
-1.2674464817882
-1.43496744045935
-1.58000705876665
-1.69206016468268
-1.76247490792908
-1.78492542977463
-1.75575839293623
-1.67419460793269
-1.54237483516547
-1.365247275977
-1.15030283451581
-0.907172471685404
-0.647108436846681
-0.382377448308827
-0.125598659811271
0.110937760775411
0.315934564189337
0.479697933250996
0.594661536568998
0.655795760335098
0.660879969389513
0.61062306076127
0.508625782475353
0.361186853267172
0.176963371535315
-0.0334961130627978
-0.258320601249085
-0.484956931435476
-0.700846707913573
-0.894103242856742
-1.05415188503252
-1.17229909032478
-1.24219944632634
-1.26019538663012
-1.22551122109587
-1.14029099337376
-1.00947812958874
-0.840543404871179
-0.64307596394079
-0.428259543910656
-0.208262260739187
0.00442700094333398
0.197679664760699
0.360389130819198
0.483077209955152
0.558412487795055
0.581612548639054
0.550708274589375
0.466655899782758
0.333290739073651
0.157125079131691
-0.0529988460720462
-0.286382030459899
-0.531042429354628
-0.774358216510587
-1.00374576702517
-1.20733568884198
-1.37461033084975
-1.49696828011518
-1.56818531174597
-1.5847468584417
-1.54603401968601
-1.45435305647755
-1.3148067875354
-1.13501485864963
-0.92469803524529
-0.695149026671654
-0.458618490982365
-0.227649458725243
-0.014396205117799
0.170035559094133
0.31619146232091
0.416781584065715
0.467076129168607
0.465162245956414
0.412048085618723
0.311608468276766
0.170375094308183
-0.00281734644236786
-0.197310015271114
-0.401197799603205
-0.601974946325586
-0.787213509497818
-0.945237891717871
-1.06575896899978
-1.14043347554229
-1.16331836889804
-1.13119557892644
-1.04374955797353
-0.903588015369609
-0.716104705470806
-0.489191685824923
-0.23281660803426
0.0415120923430593
0.321363174243428
0.594050304829163
0.847313384339736
1.06997662182203
1.25254776026603
1.38772603515916
1.47079139028008
1.49985390133609
1.47594992398889
1.40297977844008
1.28749035910012
1.13831445078841
0.96608628818135
0.782659593122457
0.600459602443994
0.431804171473191
0.28823071206419
0.179865408228274
0.114868864321048
0.0989882041174314
0.135239877839392
0.223740360097754
0.361693917619161
0.543538124735997
0.761239266989627
1.00472166089406
1.26240766996783
1.52183920582583
1.77034709268289
1.99573208274982
2.18692067892249
2.33456028402764
2.43152147894139
2.47328025745868
2.45815954188183
2.38741691834803
2.26517385280133
2.09819022685672
1.89549640334291
1.66790274103313
1.42741310973247
1.18657415158019
0.957795511011914
0.752677826159023
0.581384853554979
0.452093708654365
0.370552976163356
0.339772605380513
0.359862372652259
0.428027651704737
0.538722718222754
0.683953288409531
0.85371191384264
1.03652266389412
1.22006561148948
1.39184731818966
1.53988102428166
1.65333972353553
1.72314676899713
1.7424720362619
1.70710678118655
1.61569689336331
1.4698219096427
1.27391549882766
1.03503170764414
0.762469604926599
0.467276623912538
0.161657466898261
-0.141679452992456
-0.430202678114586
-0.692228659177492
-0.917546699233677
-1.09796408364704
-1.22774191072434
-1.30389805321694
-1.32636087197933
-1.29796538052472
-1.22429208589178
-1.11335724566849
-0.975171322402807
-0.821189549769863
-0.663684363710927
-0.515073680315399
-0.387241391631147
-0.290886871548103
-0.234938713621354
-0.22606444616853
-0.268302775342514
-0.362838275279221
-0.507930734755647
-0.699002999313989
-0.928882569525767
-1.18818389424454
-1.46581068270565
-1.74955106330251
-2.02673339136829
-2.2849072253009
-2.51251262756714
-2.69950157826311
-2.83787787983869
-2.92212634209442
-2.94950802793259
-2.92020558834274
-2.83731082746075
-2.70665517622387
-2.53649225409119
-2.33704970244171
-2.11997454741666
-1.89770211128677
-1.6827826281014
-1.48720200753346
-1.32173350664702
-1.19535539568578
-1.1147661314952
-1.08402327419206
-1.10432568482993
-1.17395078657099
-1.28835027897796
-1.44039911871283
-1.62078428432373
-1.81851227688041
-2.02150788145153
-2.21727177462179
-2.39356137777128
-2.53905809707816
-2.64398482728999
-2.70064028740047
-2.70382125682645
-2.65110984694346
-2.54301024659836
-2.38292752619874
-2.17698963231812
-1.93372219087439
-1.66359370256595
-1.3784557282867
-1.09090834508915
-0.813625197365841
-0.558674654410986
-0.336873796069323
-0.157210171386711
-0.0263626072069546
0.0516530169794723
0.0756938748147555
0.0475448260727147
-0.0281853624169098
-0.14432057406738
-0.291512776008014
-0.458754910908327
-0.633983472731879
-0.804738138598376
-0.958842741391412
-1.08507071316939
-1.17375897029967
-1.21733700203348
-1.21074251393351
-1.15170111775858
-1.0408549177941
-0.881733021952958
-0.680565561646615
-0.445951274404006
-0.188396629099555
0.0802485735111693
0.347428588748604
0.600557617357356
0.827697624668107
1.01820141275884
1.16328614849956
1.25650631327496
1.29410048264906
1.27519317172567
1.20184082496174
1.07891946324832
0.913860069734536
0.71624603540019
0.497294449859912
0.269249308329397
0.0447194719378605
-0.164002792320815
-0.345605815509139
-0.490369143599405
-0.590687726442462
-0.641481316311073
-0.640466926720421
-0.588279614171794
-0.488435054974433
-0.347135952072419
-0.172932759419355
0.0237429035554408
0.231146884198142
0.436862389036259
0.628476492611679
0.794256636801445
0.923790494711693
1.00855455548888
1.04238064360587
1.0217951095992
0.946212319928613
0.817971958677556
0.642218106474761
0.426626624834731
0.180995583667467
-0.0832791183051096
-0.353814577203061
-0.617905110373082
-0.863203954001283
-1.07838555486456
-1.25375262929089
-1.38175515147227
-1.45739319949437
-1.47848187286326
-1.4457639597571
-1.36286427173351
-1.23608813225828
-1.07407493945526
-0.887325566459362
-0.687629190224826
-0.487420582094137
-0.299102656328336
-0.134370952485787
-0.00357662228971123
0.0848375928585259
0.124797858470452
0.112931285919787
0.0487515348413047
-0.065312074047837
-0.224043518758267
-0.419720135855796
-0.642528629365463
-0.881094519438734
-1.12309638129252
-1.35593163525012
-1.56739785793596
-1.74635274383381
-1.88331700102156
-1.97098755246156
-2.00463326765289
-1.98235180607949
-1.90517366969291
-1.77700782989893
-1.6044318676977
-1.39633797977723
-1.16345400310952
-0.917765373823262
-0.671869296806649
-0.438296070505302
-0.228834288215949
-0.0538964266752009
0.0780408537041134
0.160891416651849
0.191284768419292
0.16874400321214
0.0957069577520614
-0.0226105568885241
-0.17850203074183
-0.362192476320543
-0.562372730832185
-0.766816907934112
-0.963049567320561
-1.13902647938899
-1.28379212619474
-1.38807833871067
-1.4448116559284
-1.44950193117797
-1.40049113785238
-1.29904889268676
-1.14930951038807
-0.958053979777891
-0.734348644545146
-0.489060126981047
-0.234272730968018
0.0173601614730617
0.253295613255787
0.461774814442255
0.632454478903526
0.756961798863978
0.829342937419173
0.846380800409643
0.807764903168316
0.716104151784775
0.576781859462143
0.397660856213047
0.18865466249021
-0.0388120546624322
-0.27242453298322
-0.499646853439492
-0.70840255436457
-0.887730078759958
-1.02837757503456
-1.12330485443733
-1.16806533393109
-1.16104728927264
-1.10356135804054
-0.99976955416118
-0.856459633747226
-0.682677022521136
-0.489234224738536
-0.288124265102439
-0.0918699097658647
0.0871561109758988
0.237403085455981
0.348770137012268
0.413155891562073
0.424900242558844
0.381094298397938
0.281741730516954
0.129762781860792
-0.0691592901456926
-0.306881035258079
-0.573234518348418
-0.856572344136672
-1.14439251366752
-1.42400930761959
-1.68323390116554
-1.91102788900392
-2.09809436583051
-2.23737458753029
-2.32442334882146
-2.35764277739537
-2.33836190750274
-2.27075774272408
-2.16162209659698
-2.01998684656414
-1.85662789962108
-1.68347473236661
-1.51295747862577
-1.35732691784814
-1.2279841841553
-1.13485648984115
-1.08585266679214
-1.08642800946605
-1.13928198753744
-1.24420520523691
-1.39808390695912
-1.5950618020467
-1.82685046723649
-2.083171543885
-2.35230681396922
-2.62172640003633
-2.87876110574765
-3.11128252427824
-3.30835412091069
-3.46081806647794
-3.56178607488528
-3.60700769262173
-3.59509611982181
-3.52759935215755
-3.40891280337599
-3.24603814663969
-3.04820143471549
-2.82635117411301
-2.59256352437137
-2.35938681926392
-2.13916088975529
-1.94334803142156
-1.7819118279812
-1.66277745173153
-1.59140265126608
-1.5704826455559
-1.59980489556262
-1.67626161227559
-1.79401932246655
-1.94483631259316
-2.11851076722494
-2.30343534429608
-2.48722816825999
-2.65740608562948
-2.80206373931256
-2.91052170242488
-2.97390858596965
-2.98564560734301
-2.94180738470054
-2.84133942016385
-2.68612049016014
-2.480866554158
-2.23288136946146
-1.95166729539853
-1.64841733622848
-1.33541589892241
-1.02538068182854
-0.730781295766157
-0.463171477908982
-0.232571022784963
-0.0469308636759863
0.0882897627127313
0.170411201667382
0.199670753041617
0.179202114019613
0.114858022402922
0.0148857168515412
-0.110527203883781
-0.249811926680246
-0.390652295818967
-0.520659087831065
-0.628048179938574
-0.702285892068871
-0.734666559208413
-0.718791058822409
-0.650920378692106
-0.530185073688898
-0.358639259694331
-0.141156206962701
0.114828831661376
0.399714654094554
0.702247584623879
1.01012461590531
1.31065358812878
1.5914346886351
1.84102640074237
2.04955987145824
2.20926845861026
2.31490380768338
2.36401594891064
2.35708226361481
2.29747834720475
2.19129235197761
2.04699286293016
1.87496828574259
1.68696267901344
1.49543856640503
1.31290121534184
1.15122095346198
1.02099019934214
0.93095000440121
0.887517140062347
0.894437321867577
0.952583334834151
1.05990898142311
1.21156133951674
1.40014524922462
1.61612570789017
1.84834638827455
2.08463620952681
2.31247112437546
2.51965529694511
2.6949847954813
2.828857869889
2.91379877418485
2.9448667723086
2.91992817904818
2.83977669984125
2.70809554278454
2.53126333901306
2.31801436028095
2.07897140762842
1.826076635714
1.57195110080738
1.32921767764375
1.10982397258766
0.924401860564666
0.781698290986955
0.688108150711907
0.647334448673539
0.660194196149029
0.724580471587005
0.83558270627058
0.98575866427472
1.16554338062411
1.36377290956571
1.56829452157627
1.76663030939419
1.94665827318578
2.09727400934648
2.2089971775723
2.2744899098805
2.28895909144468
2.25042072848881
2.15981208289074
2.02094549260342
1.84030636558894
1.62670626894243
1.39080987780995
1.14456137611643
0.900541343511596
0.671288925772931
0.468625965524621
0.303019664814931
0.18301826653993
0.114790290720433
0.10179225805968
0.144582880294406
0.240793770891431
0.38525825958849
0.570291338528391
0.78610558932682
1.02134058195832
1.2636770960834
1.50050292567745
1.71959423695987
1.90977560869615
2.06152303846519
2.16747728596766
2.22283977779653
2.22562965463702
2.17678805758874
2.0801240184547
1.94210489194547
1.77150268182184
1.57891541267645
1.37618946220792
1.17577412945291
0.990043382386981
0.830621505077551
0.707749154010963
0.629724146711553
0.60244726166137
0.629097645676902
0.709955410861846
0.842381037632044
1.02095271419783
1.23775419556143
1.48279761912158
1.74455841023722
2.01059334486154
2.26820833592767
2.50513981910635
2.71021287750663
2.87394050369041
2.98903158288876
3.05078012114861
3.05731466895402
3.00969445683844
2.91184705516486
2.77035094663465
2.59407479304327
2.39369293310143
2.18110334607099
1.96877959403112
1.76909182814533
1.59363361799949
1.45259104734205
1.35418823147404
1.30423927493705
1.30583092691005
1.35915311764926
1.46148655524168
1.60734806107473
1.7887857848211
1.9958083274584
2.21692455292492
2.43976487771804
2.65175041732112
2.84077377749128
2.99585464737737
3.10773471431521
3.16937970321343
3.17636136901738
3.12709876683929
3.02294573940309
2.8681198833457
2.66947683426446
2.43614208094256
2.17902022891097
1.9102082651639
1.64234457053418
1.3879289028198
1.15865014407913
0.964758184600916
0.814513926682132
0.713747162831082
0.665546244202849
0.670096321966889
0.724674902950249
0.823804946493521
0.959557202803013
1.12198541564541
1.29967082116535
1.48034645909077
1.65156749277877
1.80139124423352
1.9190301241734
1.99544210391238
2.02382675586903
2
1.92262725779523
1.79330237840275
1.61646804825876
1.39918197454937
1.15074147963289
0.882186806474733
0.605709999473554
0.334001335523355
0.0795686601837813
-0.145933549508024
-0.332329100134184
-0.471465169807037
-0.557648083650069
-0.587946207161688
-0.562343578886062
-0.483735981302044
-0.357769675546938
-0.192531540054862
0.00189260539526487
0.213967575557256
0.431336541980186
0.641492919531676
0.832460045613997
0.993441859520524
1.11540935963109
1.19159109265233
1.21784112371922
1.19286456775194
1.11828847210658
0.998574211016865
0.840776130587911
0.654159504910821
0.44969847884185
0.23948116900432
0.0360541200594094
-0.148258403727694
-0.302023448807914
-0.415320512884513
-0.480281174933185
-0.491518004477856
-0.446419531271178
-0.345295304527686
-0.191363183216458
0.00942046339902913
0.24867846484288
0.516061283862385
0.799801917801868
1.08734724719383
1.36603167518115
1.62375661323853
1.84963905286232
2.03459413654155
2.17182021382486
2.25716014631519
2.28931932330849
2.26992860505198
2.20344880351552
2.09692188692075
1.95958238990168
1.80235007711748
1.6372313349318
1.4766617055957
1.33282516387538
1.21698699485699
1.13887639560586
1.10615223229776
1.12398088401245
1.19474903814861
1.31792699869141
1.49008992261545
1.7050958523996
1.95441092654518
2.22756418439503
2.5127073675481
2.79724943734931
3.06853148386606
3.31450551530549
3.52438040631311
3.6892000604175
3.80232250989022
3.85977403695713
3.86045916351578
3.80621515625398
3.70170810820856
3.55417623097667
3.37303426001802
3.16936039128587
2.95529352404807
2.74337343818568
2.5458596218176
2.37406561970388
2.23774493203805
2.14456170245829
2.0996748444334
2.10545811500139
2.16137128646949
2.26398938836183
2.40718843623768
2.58247759403446
2.7794597907159
2.98639585917476
3.19084166184225
3.38032371656065
3.54301675179943
3.66838651505817
3.74776303799938
3.77481332475796
3.74588787234113
3.66022225951535
3.51998288357157
3.33015435840822
3.09827465602149
2.83403231300857
2.5487474881529
2.2547649425937
1.96479178031547
1.69121577578519
1.44544116574142
1.23727783656691
1.07441694853348
0.962021359906017
0.902453000625528
0.895151933320743
0.936673629862944
1.02088242887777
1.13929068698441
1.28152525150165
1.4358959916817
1.5900356021327
1.7315760348924
1.84882493437246
1.93140544938687
1.97082477870192
1.96094066372787
1.89830056535728
1.78233515261765
1.61539561581997
1.40263276951469
1.15172447335055
0.872466108452744
0.576246258893086
0.275435961076458
-0.0172754378434349
-0.289561881274758
-0.530122787423402
-0.729289989839626
-0.879546596764499
-0.975929698010316
-1.01629513355352
-1.00143000248963
-0.935006830526979
-0.823381882853784
-0.675248543267962
-0.501164523462797
-0.312978493848577
-0.123187169762744
0.0557423501681359
0.212048317051199
0.335311564903751
0.41701975722571
0.451028111105856
0.433891666496849
0.365051121123584
0.246862177366218
0.0844668174293445
-0.114486521225579
-0.340258719879916
-0.581549193312377
-0.826109896448302
-1.06141088436106
-1.27532139629861
-1.4567695935568
-1.59634523561626
-1.6868126665122
-1.72350633682402
-1.70458744328199
-1.63114778377885
-1.50715519378775
-1.33924350334818
-1.13635836791417
-0.909278126084811
-0.670035600441231
-0.431272118369673
-0.205558697736237
-0.0047211190904114
0.160794604455464
0.282482034995769
0.354229114661641
0.37264336975163
0.337229930423811
0.250412747820821
0.117397876599976
-0.0541137618350265
-0.254348574140691
-0.47199458287225
-0.694818876101775
-0.910334787117782
-1.10648268143372
-1.27228749226165
-1.39845740438054
-1.47789127182053
-1.50606729458908
-1.48129190644493
-1.40479539165853
-1.28066904431185
-1.11564726002891
-0.918746342932276
-0.700779565869006
-0.473774719820234
-0.250325666416439
-0.0429129799700774
0.136769560928792
0.278446188014799
0.373813908065725
0.416990798325546
0.404833574534221
0.337107247620544
0.216497689255557
0.0484664274133025
-0.15904446923068
-0.396041446869908
-0.651019242913419
-0.911582172535037
-1.16511330434938
-1.3994553132006
-1.60356616690146
-1.76811416655742
-1.885980143091
-1.95263963807439
-1.96640439299852
-1.92851008608534
-1.84304557756589
-1.71672750261648
-1.55853242161285
-1.3792064470142
-1.19067889777772
-1.00541172682305
-0.835719943584986
-0.693099823956509
-0.587601278949184
-0.527278363969446
-0.517747682038221
-0.561878595418219
-0.659632026959943
-0.808056591075178
-1.00144227980015
-1.23162340271975
-1.48841440205428
-1.7601549731137
-2.03433500478606
-2.29826553489176
-2.53975942489658
-2.74778493241267
-2.91305682659218
-3.02853307156442
-3.08979021355164
-3.09525717164095
-3.04629479513163
-2.94711689719593
-2.80455705356028
-2.62769380173679
-2.42735453928471
-2.21552498393548
-2.0046961689161
-1.80718432687053
-1.63446048247891
-1.49652604783774
-1.40136822435686
-1.35452469512867
-1.35878117622583
-1.41401820432842
-1.51721546065721
-1.66261340454765
-1.84202347560369
-2.04527008202328
-2.26074045959156
-2.47601264703465
-2.67852759491829
-2.85626903591287
-2.99841432333785
-3.09592101523192
-3.14201745778555
-3.13257081666367
-3.06631263640985
-2.94490971785061
-2.7728764739629
-2.55733350301514
-2.3076254396864
-2.03481875992574
-1.75110671141287
-1.46915356705357
-1.20141368200283
-0.959462197584619
-0.753373604407174
-0.591181786112262
-0.478450754770707
-0.417979297632211
-0.409655507011409
-0.450469052802673
-0.53468051950328
-0.654138628744532
-0.798728164256823
-0.956924342104877
-1.11642360777879
-1.26481670511611
-1.3902675739303
-1.48216131746898
-1.53168615451055
-1.53231784344637
-1.48018034374795
-1.37426317813198
-1.21648371402183
-1.01159097584336
-0.766916176062101
-0.491983448510677
-0.198001833511623
0.102734008899851
0.397501941527485
0.67383374671173
0.920182916763441
1.12654271379097
1.28498106565322
1.39006336522042
1.4391403063794
1.4324851939785
1.37327331088642
1.26740447268487
1.12317838663895
0.950840397227522
0.762022214568786
0.569107904939528
0.384559466712322
0.220238501548983
0.0867607012644205
-0.00708190598747749
-0.0547996744886031
-0.0525591095748155
0.000607465873552315
0.102747699374119
0.249093389454564
0.432317424075629
0.642929573860759
0.869789721407522
1.10071075141681
1.3231184730319
1.52473285830203
1.6942337261654
1.82187484227605
1.90001319586104
1.92352480455602
1.89008453842959
1.80029481285909
1.65765617832801
1.46838139096055
1.2410630176584
0.986212555660648
0.71569599925553
0.442096389947368
0.178037837353475
-0.0644924173453799
-0.274787218271698
-0.443993194534605
-0.565583908069493
-0.635706857378561
-0.653385572338116
-0.620565878178575
-0.542003840737808
-0.425001473687585
-0.27900452790518
-0.115084147581093
0.0546695369513818
0.217809043479034
0.362210574018107
0.476737577375953
0.551850908363263
0.580132544018332
0.556694495521644
0.47945076775436
0.349237630431719
0.169775674278908
-0.0525243114861057
-0.308901151459932
-0.58871041223085
-0.87999358184102
-1.17011851256891
-1.4464564818919
-1.69705924427639
-1.91129944646484
-2.08043976119191
-2.19809995148337
-2.26059660111918
-2.26713713755214
-2.21985765863837
-2.1237025272185
-1.9861522604312
-1.81681445022012
-1.62689986351523
-1.4286120838875
-1.23448373483314
-1.05669521504341
-0.906412821649602
-0.79318208731888
-0.724409168050119
-0.704958352353123
-0.73688747713082
-0.819335571192656
-0.948568807884232
-1.11818227974298
-1.31944667411796
-1.54178108577428
-1.77332637509794
-2.00158803812937
-2.21411379182921
-2.3991691983606
-2.5463747574888
-2.64726998075536
-2.69577391205934
-2.68851716285475
-2.62502748308246
-2.50775881490697
-2.34196224637308
-2.13540583783672
-1.89795847242012
-1.64106024018336
-1.37710800595223
-1.11878940048495
-0.878401265506947
-0.667189424048979
-0.494745492980941
-0.368493367131663
-0.293293151014121
-0.271183957605378
-0.301279477880461
-0.379821956620241
-0.500391636882584
-0.654260321422908
-0.830869899644635
-1.01840992547528
-1.20446297092484
-1.37668281210424
-1.52346872767783
-1.63459940025578
-1.70179209770153
-1.71915685540752
-1.68352106341293
-1.59460687624043
-1.45505182892068
-1.27027152875088
-1.0481718396298
-0.798726121744107
-0.533440393091696
-0.264735345534019
-0.00527864847138892
0.232696335734159
0.438048564446233
0.601328454234698
0.715285731379366
0.775258517494306
0.77942260121037
0.728887412852325
0.627633514730014
0.482294996070406
0.301798554595161
0.0968788020706279
-0.120503970895458
-0.33781205745131
-0.542609538561182
-0.723235668885617
-0.869436000562284
-0.972917089041103
-1.02779476171723
-1.03091169133338
-0.982007090193473
-0.883729345287789
-0.741490915294799
-0.563173348025407
-0.358698389156286
-0.139488401016658
0.082154698507949
0.293718356465341
0.483159953372893
0.639562177379246
0.753727724501179
0.818681128438522
0.830050549032921
0.786308844521783
0.688860867783589
0.541972248647212
0.352543502666755
0.129741677286769
-0.115490543973447
-0.371021727050215
-0.624182815648228
-0.862447278845381
-1.0741034841959
-1.24888292347887
-1.37851030763755
-1.45714577600099
-1.48169530371812
-1.45197252447135
-1.37070322692494
-1.24337229779945
-1.07792141115032
-0.884313840896198
-0.673989964742224
-0.459242943191218
-0.252548377179363
-0.0658842382291196
0.0899221089035492
0.205784437763073
0.274853772602951
0.292893218813447
0.25851121282024
0.173240555807419
0.0414589423932084
-0.129844725691076
-0.331445604096437
-0.552379448808231
-0.780533573538459
-1.00330024710377
-1.20825717633123
-1.38383825339985
-1.51995827263116
-1.60855781212158
-1.6440387954807
-1.62356716451562
-1.54722628483358
-1.41801278383746
-1.24167504731165
-1.02640311527254
-0.782386759186312
-0.521265655838721
-0.255501412025142
0.00229457717628917
0.240041064338048
0.446837886620254
0.613552680759315
0.733311629659735
0.801867688751175
0.817826371853815
0.782716885940839
0.700904774652267
0.579350808683492
0.427229182988909
0.255425695725766
0.0759430798882416
-0.0987543159152961
-0.256421018096546
-0.385699247876456
-0.47673985910725
-0.521741773921267
-0.515380706485135
-0.455103956494783
-0.341275302020737
-0.177162133649735
0.0312344904765948
0.275497688207543
0.545243310886017
0.828674956060117
1.11321541538063
1.3861804010254
1.63545810587502
1.85015783689962
2.02119263488876
2.14176436619183
2.20772505018683
2.21779488411134
2.17362518218252
2.07970283888458
1.94310150268599
1.77309294211134
1.58063965207331
1.37779617519615
1.1770515527176
0.990648505094138
0.829916201254724
0.704652739426952
0.622590771430307
0.588975201932347
0.606275827963834
0.674050480288293
0.788966082301016
0.944976494852606
1.13364752933327
1.34461154578379
1.56612703882019
1.78571293136633
1.99082325213994
2.16952568640162
2.31114727897917
2.40685234542126
2.45012131515382
2.43710459119309
2.36683227419972
2.24126839840964
2.06520674112966
1.84601384066668
1.59323312579092
1.31807157563689
1.03279668557157
0.750076367986067
0.482297504526782
0.240900020883541
0.03576251440539
-0.125327325971851
-0.237088857684184
-0.297028670768865
-0.305569671130316
-0.26602208794255
-0.184397987966063
-0.069079349541221
0.0696423250889596
0.220129927623761
0.370037656698252
0.506986440088444
0.619241295693004
0.696353955595886
0.729735957188499
0.713131168208546
0.642962154992326
0.518531630692046
0.342068063175958
0.11861295634768
-0.14424411275987
-0.436768379274358
-0.747598911884962
-1.06435569868065
-1.37430195955026
-1.6650258582109
-1.92510473678648
-2.14471594146516
-2.31616119793993
-2.43427617367195
-2.49670307731663
-2.50401155765582
-2.459661373947
-2.36980887243369
-2.24296775643725
-2.08954252251175
-1.92125982585421
-1.75052856159176
-1.5897633057962
-1.45070774234738
-1.34379470180128
-1.2775774562213
-1.25826305677446
-1.28937297753436
-1.37154943829342
-1.50251789419553
-1.67720772739175
-1.88802461315686
-2.12525982340287
-2.37761431858583
-2.63280926576633
-2.8782499423097
-3.10170709459284
-3.29197887553889
-3.43949753499691
-3.53684802609503
-3.57917045694709
-3.56442460254078
-3.49350215611023
-3.37018063882332
-3.2009214552719
-2.99452301630541
-2.76164769374859
-2.51424819902473
-2.26492442017221
-2.02624551464322
-1.81007393496337
-1.6269279590875
-1.48541721279885
-1.3917817205892
-1.34955941794371
-1.3594001051066
-1.41903589650819
-1.52340975004259
-1.66495510469858
-1.83401147669496
-2.01935350587541
-2.20880480390949
-2.38990336613766
-2.55058251808678
-2.67983052680261
-2.76829316171257
-2.80878657725459
-2.7966927428951
-2.73021600273872
-2.61048686269149
-2.44150737132078
-2.22994103368376
-1.98475861149586
-1.71675896270394
-1.43799083670078
-1.16110690203948
-0.898684951460301
-0.662553005821303
-0.463154827962033
-0.308990171025313
-0.206160041644509
-0.158041575543875
-0.165110109048318
-0.224918064358727
-0.332231780319246
-0.47931887305023
-0.656370564829635
-0.85203611583318
-1.05404042707187
-1.24985138239568
-1.4273608063345
-1.57554217845409
-1.68504950365759
-1.74872492333544
-1.76198759205297
-1.72308277122856
-1.63317765717254
-1.49629875645776
-1.31911419791878
-1.1105727634702
-0.881419175173376
-0.643611873844615
-0.409674802499445
-0.192018280413276
-0.00226572721012408
0.149377319416353
0.254677736901915
0.307822883150877
0.30573793654515
0.248255327301359
0.138127080988133
-0.0191206040441468
-0.215482685895437
-0.440904543233892
-0.683821954536838
-0.9317825813272
-1.17211533379173
-1.39261140624689
-1.58218013878928
-1.73144422428545
-1.83324206285777
-1.88301009153937
-1.8790244128153
-1.82248866077079
-1.71746336540975
-1.57064065400349
-1.39097649882532
-1.18920043030752
-0.977229266275667
-0.767516602564093
-0.572373286866225
-0.40329566796846
-0.270337991573054
-0.181562924518765
-0.142599960669614
-0.156335622911144
-0.222752242572773
-0.338924056225505
-0.499170845389559
-0.695360818028306
-0.917346353266989
-1.15350903970959
-1.39138452222035
-1.61833335223221
-1.82222154633587
-1.99207403186845
-2.11866562492594
-2.19501756629661
-2.21677275132474
-2.18242935408224
-2.09342020919209
-1.95403366149136
-1.7711801727122
-1.55401732120438
-1.31345349369296
-1.06155713243776
-0.810903511679799
-0.573894397341449
-0.36208741066179
-0.185571390425202
-0.0524215581459024
0.0317360292190692
0.0640271699467719
0.0444829735813357
-0.0239642182916256
-0.135642220505361
-0.282448961590294
-0.454294228106358
-0.639649281168238
-0.826174591496733
-1.00139171081603
-1.15336290804776
-1.2713417778363
-1.34635959926399
-1.37171569919386
-1.34334526935602
-1.26004471794371
-1.12354234619624
-0.938410510973563
-0.711824012656515
-0.453177769580295
-0.173584455245745
0.114720729370324
0.39903595053624
0.666873822613365
0.906630831275848
1.1082088864448
1.26355538316683
1.36709255912234
1.41601292878249
1.41042482218965
1.35334016865709
1.25050520332748
1.11008327544151
0.942206941274671
0.758423598821443
0.571064682590699
0.392572573518833
0.234821667140465
0.108470358941471
0.0223790321669828
-0.0168744391489705
-0.00535543718482268
0.0580099395019444
0.171372484255022
0.330055947750369
0.52680637294345
0.752181216286591
0.995057206043047
1.24322946175341
1.48406945911694
1.70520623907357
1.89519400111688
2.04412995695986
2.14418901177386
2.19004634069258
2.17916499454865
2.11193297258805
1.99164234590534
1.8243115627046
1.61836055263004
1.38415621306308
1.13345287434689
0.878758023773744
0.632657612305458
0.407137454518116
0.212937442844166
0.0589735204265196
-0.0481413110327535
-0.104451032646014
-0.108866546299571
-0.0632201562315455
0.027838344666558
0.157098349618257
0.315183971440341
0.491067016641452
0.672669625501431
0.847523950135257
1.00345315505429
1.12923687020215
1.21522506735507
1.25386712162036
1.24012740950821
1.17176493529358
1.04946183581462
0.876793792237745
0.660043933040747
0.407870282488203
0.130844734802819
-0.159111512883517
-0.449365532170131
-0.727248752047817
-0.980734992489297
-1.19908376560594
-1.37341404666614
-1.49717748014411
-1.56650542840474
-1.58041109808431
-1.54083582220051
-1.45253701005268
-1.32282384560625
-1.16115505456067
-0.978620524752769
-0.787334849975177
-0.599775633522512
-0.428102376870841
-0.283492829076579
-0.175532726920059
-0.11169196568695
-0.0969155621948102
-0.13335155842582
-0.220230602179129
-0.353903731647114
-0.528036328050546
-0.73394774785532
-0.961078261100495
-1.19755803172791
-1.43084735244534
-1.64841348950174
-1.83840751056084
-1.9903044688999
-2.09547229944043
-2.14763863935561
-2.14323030944082
-2.08156708315627
-1.96489925532781
-1.79828697518339
-1.58932787125367
-1.34774770525158
-1.08487620406984
-0.813036432356623
-0.544880746488385
-0.292709260958341
-0.0678077038306832
0.120159512206872
0.263668165691166
0.357736977804476
0.400192453411994
0.391781490161794
0.336125673547818
0.239519744424868
0.110585159451237
-0.0402024921315854
-0.201086624550428
-0.359672311144645
-0.503603663519544
-0.621239258484441
-0.702289042344452
-0.738378226647344
-0.723507640437011
-0.654385607615177
-0.530613370895223
-0.354714009755653
-0.132003269816789
0.129690723226808
0.420443713619547
0.728765019594687
1.04221204133538
1.34805633301048
1.63396520823511
1.88866200743185
2.10252931014448
2.26812246289135
2.38056564654893
2.43780906385938
2.44073334343886
2.39309552487488
2.30131956266407
2.17414270087683
2.02213687017206
1.85713102200118
1.69156567550948
1.53781462065154
1.40751049786985
1.31091076418137
1.25633836907537
1.24972741957232
1.29429843099918
1.39038074605646
1.53539173918283
1.72397393716733
1.94828263968315
2.19840847750247
2.46291204245912
2.72944165703481
2.98540085105704
3.2186294219793
3.41806121920742
3.57432305177119
3.6802423041951
3.73123578529615
3.72555876148175
3.66440069212255
3.55182248025968
3.39453862831306
3.20155608143358
2.98368929646066
2.75297777238886
2.5220375563258
2.30338181148697
2.10874720747449
1.94846257735268
1.83089399794638
1.76199631318407
1.74499535906383
1.78021807473208
1.86507968008812
1.99422859944274
2.15984127313647
2.35205088672027
2.55948679935962
2.76989546179879
2.97080920377064
3.15022667985252
3.29726813166743
3.40276998717137
3.45978660079187
3.46397196371581
3.41382070967882
3.31075535662344
3.15905504643695
2.96562962327738
2.73965126148763
2.49206356376819
2.23499468188486
1.98110620682114
1.74291305181035
1.53211112195386
1.35894914315928
1.23167863370151
1.15611177313294
1.13531108439926
1.16942771184986
1.25569703641456
1.38859185475262
1.56012482246571
1.76028378397131
1.97757642050693
2.1996547321628
2.41398554997237
2.60853078371068
2.77240058494446
2.89644407150934
2.9737456395886
3
2.97374563958862
2.89644407150938
2.77240058494452
2.60853078371075
2.41398554997245
2.19965473216289
1.97757642050702
1.7602837839714
1.56012482246579
1.38859185475269
1.25569703641461
1.16942771184989
1.13531108439927
1.15611177313293
1.23167863370148
1.35894914315923
1.53211112195379
1.74291305181027
1.98110620682106
2.23499468188476
2.4920635637681
2.73965126148754
2.9656296232773
3.15905504643689
3.3107553566234
3.41382070967881
3.46397196371581
3.4597866007919
3.40276998717142
3.29726813166749
3.1502266798526
2.97080920377073
2.76989546179888
2.55948679935971
2.35205088672037
2.15984127313656
1.99422859944282
1.86507968008818
1.78021807473211
1.74499535906385
1.76199631318406
1.83089399794635
1.94846257735264
2.10874720747443
2.30338181148689
2.52203755632571
2.75297777238877
2.98368929646057
3.2015560814335
3.39453862831299
3.55182248025963
3.66440069212252
3.72555876148174
3.73123578529616
3.68024230419513
3.57432305177124
3.41806121920749
3.21862942197938
2.98540085105714
2.72944165703491
2.46291204245922
2.19840847750257
1.94828263968324
1.72397393716741
1.53539173918288
1.3903807460565
1.2942984309992
1.24972741957231
1.25633836907534
1.31091076418132
1.40751049786978
1.53781462065147
1.6915656755094
1.85713102200109
2.02213687017197
2.17414270087675
2.301319562664
2.39309552487483
2.44073334343882
2.43780906385937
2.38056564654894
2.26812246289138
2.10252931014453
1.88866200743192
1.63396520823519
1.34805633301057
1.04221204133548
0.728765019594786
0.420443713619642
0.129690723226894
-0.132003269816717
-0.354714009755599
-0.530613370895189
-0.654385607615164
-0.72350764043702
-0.738378226647375
-0.702289042344502
-0.621239258484507
-0.503603663519623
-0.359672311144731
-0.201086624550518
-0.0402024921316726
0.110585159451156
0.2395197444248
0.336125673547765
0.39178149016176
0.400192453411981
0.357736977804485
0.263668165691196
0.120159512206921
-0.0678077038306159
-0.29270926095826
-0.544880746488294
-0.813036432356526
-1.08487620406974
-1.34774770525149
-1.58932787125359
-1.79828697518332
-1.96489925532776
-2.08156708315624
-2.14323030944081
-2.14763863935563
-2.09547229944046
-1.99030446889996
-1.83840751056091
-1.64841348950182
-1.43084735244543
-1.19755803172801
-0.961078261100586
-0.733947747855404
-0.528036328050617
-0.35390373164717
-0.220230602179166
-0.133351558425836
-0.096915562194805
-0.111691965686923
-0.175532726920012
-0.283492829076515
-0.428102376870763
-0.599775633522424
-0.787334849975084
-0.978620524752677
-1.16115505456058
-1.32282384560617
-1.45253701005262
-1.54083582220046
-1.58041109808428
-1.56650542840474
-1.49717748014412
-1.37341404666618
-1.19908376560603
-0.980734992489328
-0.727248752047904
-0.449365532170281
-0.159111512883556
0.130844734802725
0.407870282488066
0.660043933040674
0.876793792237687
1.04946183581456
1.17176493529357
1.24012740950821
1.25386712162037
1.21522506735511
1.12923687020221
1.00345315505432
0.847523950135344
0.672669625501522
0.491067016641486
0.315183971440427
0.157098349618379
0.0278383446665804
-0.0632201562315028
-0.108866546299533
-0.104451032646015
-0.0481413110327743
0.0589735204264544
0.212937442844141
0.407137454518041
0.632657612305319
0.878758023773706
1.13345287434679
1.38415621306294
1.61836055262996
1.82431156270452
1.99164234590525
2.11193297258801
2.17916499454864
2.19004634069259
2.14418901177389
2.04412995695991
1.89519400111691
1.70520623907365
1.48406945911708
1.24322946175345
0.995057206043139
0.75218121628673
0.52680637294348
0.33005594775043
0.171372484255092
0.0580099395019537
-0.00535543718482046
-0.0168744391490016
0.0223790321669669
0.108470358941413
0.234821667140346
0.392572573518748
0.571064682590608
0.758423598821293
0.942206941274581
1.11008327544143
1.25050520332737
1.35334016865704
1.41042482218961
1.41601292878249
1.36709255912235
1.26355538316686
1.10820888644482
0.906630831275917
0.666873822613497
0.399035950536278
0.11472072937042
-0.173584455245594
-0.453177769580258
-0.711824012656436
-0.938410510973462
-1.12354234619622
-1.26004471794369
-1.34334526935602
-1.37171569919386
-1.34635959926403
-1.27134177783639
-1.15336290804783
-1.00139171081612
-0.826174591496879
-0.639649281168329
-0.454294228106445
-0.282448961590323
-0.135642220505426
-0.0239642182916748
0.0444829735813259
0.0640271699467636
0.0317360292190829
-0.0524215581458867
-0.185571390425147
-0.362087410661677
-0.573894397341414
-0.810903511679706
-1.06155713243761
-1.31345349369292
-1.55401732120429
-1.77118017271208
-1.95403366149133
-2.09342020919204
-2.1824293540822
-2.21677275132474
-2.19501756629663
-2.118665624926
-1.9920740318685
-1.82222154633595
-1.61833335223234
-1.39138452222043
-1.15350903970968
-0.917346353267021
-0.695360818028384
-0.499170845389624
-0.338924056225521
-0.222752242572801
-0.156335622911157
-0.142599960669612
-0.181562924518735
-0.270337991572966
-0.403295667968429
-0.572373286866132
-0.767516602563938
-0.977229266275633
-1.18920043030743
-1.39097649882518
-1.57064065400346
-1.71746336540968
-1.82248866077071
-1.87902441281528
-1.88301009153937
-1.8332420628578
-1.73144422428549
-1.58218013878933
-1.392611406247
-1.17211533379182
-0.931782581327289
-0.683821954536872
-0.440904543233979
-0.215482685895507
-0.0191206040441767
0.13812708098808
0.248255327301314
0.30573793654515
0.307822883150893
0.25467773690198
0.149377319416371
-0.00226572721005769
-0.19201828041314
-0.409674802499406
-0.643611873844518
-0.881419175173218
-1.11057276347017
-1.3191141979187
-1.49629875645766
-1.6331776571725
-1.72308277122854
-1.76198759205297
-1.74872492333547
-1.68504950365764
-1.57554217845411
-1.42736080633458
-1.24985138239576
-1.05404042707189
-0.852036115833275
-0.656370564829722
-0.479318873050259
-0.33223178031931
-0.2249180643588
-0.165110109048324
-0.158041575543884
-0.206160041644485
-0.308990171025297
-0.463154827961976
-0.662553005821186
-0.898684951460264
-1.16110690203939
-1.43799083670063
-1.71675896270385
-1.98475861149577
-2.22994103368364
-2.44150737132072
-2.61048686269145
-2.73021600273869
-2.7966927428951
-2.80878657725461
-2.76829316171259
-2.67983052680267
-2.55058251808686
-2.38990336613769
-2.20880480390958
-2.01935350587556
-1.83401147669499
-1.66495510469866
-1.52340975004269
-1.41903589650821
-1.35940010510663
-1.34955941794372
-1.3917817205892
-1.48541721279881
-1.62692795908741
-1.81007393496334
-2.02624551464314
-2.26492442017207
-2.51424819902464
-2.7616476937485
-2.99452301630528
-3.20092145527183
-3.37018063882327
-3.49350215611018
-3.56442460254077
-3.57917045694709
-3.53684802609505
-3.43949753499696
-3.29197887553896
-3.10170709459288
-2.87824994230979
-2.63280926576648
-2.37761431858587
-2.12525982340296
-1.88802461315699
-1.67720772739178
-1.50251789419559
-1.37154943829346
-1.28937297753437
-1.25826305677445
-1.27757745622125
-1.34379470180127
-1.45070774234731
-1.58976330579607
-1.75052856159167
-1.92125982585412
-2.08954252251161
-2.24296775643718
-2.36980887243362
-2.45966137394698
-2.50401155765579
-2.49670307731662
-2.43427617367196
-2.31616119793997
-2.14471594146521
-1.9251047367865
-1.66502585821098
-1.37430195955041
-1.06435569868069
-0.747598911885069
-0.436768379274499
-0.144244112759908
0.11861295634761
0.342068063175877
0.518531630692022
0.642962154992308
0.713131168208574
0.729735957188531
0.696353955595937
0.619241295693114
0.506986440088516
0.37003765669833
0.220129927623912
0.0696423250890446
-0.0690793495411436
-0.184397987966041
-0.266022087942507
-0.305569671130292
-0.297028670768859
-0.237088857684196
-0.125327325971902
0.0357625144053655
0.240900020883465
0.482297504526654
0.750076367986032
1.03279668557147
1.31807157563674
1.59323312579088
1.84601384066659
2.06520674112956
2.24126839840962
2.36683227419969
2.43710459119308
2.45012131515383
2.40685234542129
2.31114727897926
2.1695256864017
1.99082325214002
1.78571293136647
1.56612703882029
1.34461154578388
1.1336475293333
0.944976494852674
0.788966082301068
0.674050480288305
0.606275827963844
0.588975201932331
0.622590771430296
0.704652739426902
0.829916201254616
0.990648505094106
1.1770515527175
1.377796175196
1.58063965207327
1.77309294211125
1.94310150268587
2.07970283888455
2.17362518218248
2.2177948841113
2.20772505018683
2.14176436619185
2.02119263488883
1.85015783689968
1.63545810587509
1.38618040102543
1.11321541538072
0.828674956060213
0.545243310886054
0.275497688207627
0.0312344904766688
-0.177162133649715
-0.341275302020704
-0.45510395649476
-0.515380706485136
-0.521741773921296
-0.476739859107325
-0.385699247876484
-0.256421018096628
-0.0987543159154373
0.0759430798882073
0.255425695725676
0.427229182988777
0.579350808683404
0.700904774652218
0.782716885940781
0.817826371853795
0.801867688751183
0.733311629659777
0.613552680759355
0.446837886620318
0.240041064338081
0.00229457717637416
-0.255501412025044
-0.521265655838671
-0.782386759186221
-1.0264031152724
-1.24167504731162
-1.4180127838374
-1.54722628483352
-1.6235671645156
-1.64403879548071
-1.60855781212163
-1.51995827263117
-1.38383825339991
-1.20825717633135
-1.00330024710382
-0.780533573538562
-0.552379448808376
-0.331445604096519
-0.129844725691148
0.041458942393122
0.173240555807374
0.258511212820224
0.292893218813461
0.274853772602987
0.205784437763108
0.0899221089035726
-0.0658842382290593
-0.25254837717928
-0.459242943191178
-0.673989964742126
-0.88431384089605
-1.07792141115028
-1.24337229779937
-1.37070322692484
-1.45197252447132
-1.48169530371812
-1.45714577600101
-1.37851030763755
-1.24888292347892
-1.07410348419601
-0.86244727884541
-0.624182815648315
-0.371021727050356
-0.115490543973517
0.129741677286694
0.352543502666625
0.541972248647142
0.688860867783538
0.786308844521783
0.830050549032931
0.818681128438543
0.753727724501199
0.63956217737931
0.483159953372982
0.293718356465393
0.0821546985080492
-0.139488401016517
-0.358698389156256
-0.563173348025331
-0.741490915294689
-0.883729345287763
-0.982007090193444
-1.03091169133337
-1.02779476171723
-0.972917089041131
-0.869436000562365
-0.72323566888568
-0.542609538561265
-0.337812057451455
-0.12050397089555
0.0968788020705388
0.301798554595026
0.482294996070335
0.627633514729954
0.728887412852308
0.779422601210349
0.775258517494304
0.715285731379383
0.60132845423475
0.43804856444634
0.232696335734192
-0.00527864847129844
-0.264735345533869
-0.533440393091658
-0.79872612174402
-1.04817183962968
-1.27027152875086
-1.45505182892064
-1.59460687624037
-1.68352106341291
-1.71915685540753
-1.70179209770158
-1.63459940025583
-1.5234687276779
-1.37668281210438
-1.20446297092494
-1.01840992547538
-0.83086989964468
-0.654260321423007
-0.500391636882644
-0.37982195662025
-0.301279477880506
-0.271183957605391
-0.293293151014114
-0.368493367131639
-0.494745492980869
-0.667189424048957
-0.878401265506891
-1.11878940048482
-1.37710800595218
-1.64106024018326
-1.89795847241997
-2.13540583783669
-2.34196224637302
-2.50775881490689
-2.62502748308245
-2.68851716285474
-2.69577391205937
-2.64726998075541
-2.54637475748887
-2.3991691983607
-2.21411379182929
-2.00158803812946
-1.77332637509799
-1.54178108577438
-1.31944667411805
-1.118182279743
-0.948568807884292
-0.819335571192701
-0.736887477130834
-0.704958352353127
-0.724409168050087
-0.793182087318859
-0.906412821649541
-1.05669521504329
-1.23448373483311
-1.42861208388741
-1.62689986351507
-1.81681445022009
-1.98615226043112
-2.12370252721839
-2.21985765863833
-2.26713713755214
-2.26059660111917
-2.19809995148338
-2.08043976119196
-1.91129944646493
-1.69705924427646
-1.446456481892
-1.17011851256893
-0.879993581841099
-0.588710412230935
-0.308901151459979
-0.0525243114861941
0.169775674278795
0.349237630431707
0.479450767754344
0.556694495521652
0.580132544018341
0.551850908363301
0.476737577376063
0.362210574018154
0.217809043479132
0.0546695369515167
-0.115084147581073
-0.279004527905113
-0.425001473687467
-0.542003840737744
-0.620565878178529
-0.653385572338074
-0.635706857378559
-0.565583908069504
-0.443993194534614
-0.274787218271743
-0.0644924173454642
0.178037837353429
0.442096389947275
0.715695999255432
0.986212555660606
1.24106301765832
1.46838139096044
1.65765617832799
1.80029481285906
1.89008453842957
1.92352480455602
1.90001319586106
1.82187484227612
1.69423372616543
1.52473285830211
1.32311847303204
1.10071075141685
0.869789721407618
0.642929573860901
0.432317424075707
0.249093389454627
0.102747699374194
0.000607465873581958
-0.052559109574808
-0.0547996744886087
-0.0070819059875149
0.0867607012643647
0.220238501548959
0.384559466712239
0.569107904939432
0.762022214568744
0.950840397227426
1.12317838663883
1.26740447268486
1.37327331088636
1.43248519397845
1.4391403063794
1.39006336522043
1.28498106565328
1.126542713791
0.920182916763494
0.673833746711849
0.397501941527592
0.102734008899962
-0.198001833511451
-0.491983448510581
-0.766916176062025
-1.01159097584326
-1.21648371402178
-1.37426317813195
-1.48018034374795
-1.53231784344641
-1.53168615451061
-1.48216131746898
-1.39026757393035
-1.26481670511622
-1.11642360777881
-0.956924342104973
-0.798728164256969
-0.65413862874456
-0.534680519503344
-0.450469052802765
-0.409655507011422
-0.417979297632237
-0.478450754770683
-0.591181786112234
-0.75337360440712
-0.959462197584506
-1.20141368200274
-1.46915356705348
-1.75110671141272
-2.03481875992565
-2.30762543968631
-2.5573335030151
-2.77287647396283
-2.94490971785057
-3.06631263640983
-3.13257081666366
-3.14201745778556
-3.09592101523193
-2.9984143233379
-2.85626903591299
-2.67852759491832
-2.47601264703474
-2.26074045959171
-2.0452700820233
-1.84202347560376
-1.66261340454776
-1.51721546065722
-1.41401820432845
-1.35878117622585
-1.35452469512866
-1.40136822435683
-1.49652604783766
-1.63446048247883
-1.80718432687044
-2.00469616891596
-2.21552498393539
-2.42735453928462
-2.62769380173676
-2.8045570535602
-2.94711689719587
-3.04629479513161
-3.09525717164092
-3.08979021355163
-3.02853307156442
-2.91305682659221
-2.74778493241278
-2.53975942489662
-2.29826553489184
-2.03433500478621
-1.76015497311374
-1.48841440205437
-1.23162340271988
-1.00144227980017
-0.80805659107521
-0.659632026959985
-0.561878595418245
-0.517747682038223
-0.527278363969406
-0.587601278949134
-0.693099823956441
-0.835719943584859
-1.00541172682296
-1.19067889777762
-1.37920644701416
-1.55853242161275
-1.7167275026164
-1.84304557756588
-1.9285100860853
-1.96640439299849
-1.95263963807439
-1.88598014309103
-1.76811416655749
-1.60356616690149
-1.39945531320068
-1.16511330434952
-0.911582172535069
-0.651019242913515
-0.396041446870058
-0.159044469230714
0.0484664274132333
0.216497689255477
0.337107247620507
0.404833574534205
0.416990798325565
0.373813908065759
0.278446188014849
0.136769560928816
-0.0429129799699963
-0.250325666416352
-0.473774719820194
-0.700779565868912
-0.918746342932191
-1.11564726002888
-1.2806690443118
-1.40479539165847
-1.48129190644493
-1.50606729458908
-1.47789127182058
-1.39845740438056
-1.27228749226172
-1.10648268143385
-0.910334787117808
-0.694818876101869
-0.47199458287241
-0.254348574140733
-0.054113761835124
0.117397876599852
0.250412747820761
0.337229930423767
0.372643369751624
0.354229114661654
0.2824820349958
0.160794604455495
-0.00472111909033546
-0.205558697736164
-0.431272118369652
-0.670035600441149
-0.909278126084683
-1.13635836791415
-1.33924350334809
-1.50715519378766
-1.63114778377884
-1.70458744328197
-1.72350633682404
-1.6868126665122
-1.59634523561631
-1.45676959355692
-1.27532139629865
-1.06141088436116
-0.826109896448472
-0.581549193312457
-0.34025871988001
-0.114486521225712
0.0844668174292755
0.246862177366158
0.36505112112353
0.433891666496838
0.45102811110586
0.417019757225716
0.335311564903796
0.212048317051258
0.055742350168162
-0.123187169762655
-0.312978493848435
-0.501164523462768
-0.675248543267882
-0.823381882853675
-0.935006830526972
-1.0014300024896
-1.0162951335535
-0.975929698010319
-0.879546596764535
-0.729289989839714
-0.530122787423434
-0.289561881274843
-0.0172754378435829
0.275435961076361
0.576246258892991
0.872466108452591
1.15172447335047
1.40263276951463
1.61539561581996
1.78233515261761
1.89830056535727
1.96094066372786
1.97082477870195
1.93140544938693
1.84882493437248
1.73157603489249
1.59003560213284
1.43589599168173
1.28152525150175
1.13929068698455
1.02088242887779
0.936673629862992
0.895151933320787
0.902453000625519
0.962021359906008
1.07441694853344
1.23727783656689
1.44544116574135
1.69121577578506
1.96479178031539
2.25476494259361
2.54874748815274
2.83403231300847
3.0982746560214
3.33015435840819
3.51998288357152
3.66022225951533
3.74588787234113
3.77481332475797
3.74776303799945
3.6683865150582
3.5430167517995
3.38032371656078
3.19084166184228
2.98639585917485
2.77945979071605
2.58247759403449
2.40718843623775
2.26398938836192
2.16137128646949
2.1054581150014
2.09967484443339
2.14456170245826
2.237744932038
2.37406561970378
2.54585962181752
2.74337343818559
2.95529352404792
3.16936039128579
3.37303426001793
3.55417623097663
3.70170810820849
3.80621515625393
3.86045916351578
3.85977403695714
3.80232250989025
3.68920006041752
3.52438040631317
3.31450551530561
3.06853148386609
2.79724943734941
2.51270736754824
2.22756418439508
1.95441092654528
1.70509585239973
1.4900899226155
1.31792699869146
1.19474903814864
1.12398088401244
1.10615223229774
1.13887639560579
1.21698699485694
1.33282516387527
1.47666170559565
1.63723133493175
1.80235007711737
1.95958238990166
2.09692188692069
2.20344880351544
2.26992860505196
2.28931932330847
2.25716014631519
2.17182021382488
2.03459413654159
1.84963905286238
1.62375661323859
1.36603167518125
1.08734724719396
0.799801917801948
0.516061283862485
0.248678464843008
0.00942046339907354
-0.191363183216405
-0.345295304527631
-0.446419531271172
-0.491518004477854
-0.480281174933232
-0.415320512884545
-0.302023448807996
-0.14825840372772
0.0360541200593516
0.239481169004205
0.449698478841809
0.654159504910734
0.840776130587815
0.998574211016845
1.11828847210654
1.19286456775192
1.21784112371922
1.19159109265235
1.11540935963114
0.993441859520569
0.832460045614075
0.641492919531797
0.431336541980254
0.213967575557357
0.00189260539541802
-0.192531540054812
-0.357769675546871
-0.483735981301967
-0.562343578886045
-0.587946207161673
-0.557648083650085
-0.471465169807052
-0.332329100134243
-0.145933549508047
0.0795686601837124
0.334001335523224
0.605709999473503
0.882186806474633
1.15074147963277
1.39918197454934
1.6164680482587
1.7933023784027
1.92262725779522
2.00000000000001
2.02382675586906
1.99544210391242
1.91903012417344
1.80139124423363
1.65156749277883
1.48034645909085
1.2996708211655
1.12198541564547
0.959557202803093
0.823804946493635
0.724674902950288
0.670096321966932
0.665546244202859
0.713747162831064
0.814513926682084
0.964758184600889
1.15865014407905
1.38792890281969
1.64234457053414
1.91020826516381
2.17902022891085
2.4361420809425
2.66947683426438
2.86811988334563
3.02294573940306
3.12709876683927
3.17636136901738
3.16937970321344
3.10773471431525
2.99585464737746
2.84077377749133
2.65175041732121
2.43976487771819
2.21692455292498
1.99580832745851
1.78878578482123
1.60734806107479
1.46148655524175
1.35915311764927
1.30583092691005
1.30423927493703
1.35418823147401
1.452591047342
1.59363361799939
1.76909182814528
1.96877959403104
2.18110334607087
2.39369293310136
2.5940747930432
2.77035094663456
2.91184705516482
3.00969445683839
3.05731466895398
3.0507801211486
2.98903158288877
2.87394050369047
2.71021287750668
2.50513981910643
2.26820833592782
2.0105933448616
1.74455841023734
1.48279761912173
1.23775419556147
1.02095271419791
0.842381037632053
0.709955410861867
0.629097645676926
0.602447261661378
0.629724146711526
0.707749154010897
0.830621505077519
0.990043382386903
1.17577412945279
1.37618946220784
1.57891541267635
1.77150268182172
1.9421048919454
2.08012401845466
2.17678805758868
2.22562965463702
2.22283977779654
2.1674772859677
2.06152303846521
1.90977560869622
1.71959423695999
1.50050292567751
1.26367709608352
1.02134058195835
0.786105589326878
0.570291338528497
0.385258259588523
0.240793770891482
0.144582880294443
0.10179225805968
0.114790290720413
0.183018266539882
0.3030196648149
0.468625965524555
0.671288925772817
0.900541343511525
1.14456137611633
1.39080987780983
1.62670626894237
1.84030636558887
2.02094549260333
2.15981208289071
2.25042072848879
2.28895909144469
2.27448990988053
2.20899717757235
2.09727400934657
1.94665827318583
1.76663030939431
1.56829452157631
1.36377290956578
1.16554338062422
0.985758664274758
0.83558270627065
0.724580471587087
0.660194196149058
0.647334448673534
0.688108150711879
0.781698290986924
0.924401860564612
1.10982397258757
1.32921767764369
1.5719511008073
1.82607663571385
2.07897140762837
2.3180143602809
2.53126333901296
2.70809554278449
2.83977669984121
2.91992817904815
2.94486677230861
2.9137987741849
2.82885786988907
2.69498479548136
2.51965529694522
2.3124711243755
2.08463620952693
1.84834638827468
1.6161257078902
1.40014524922469
1.21156133951682
1.05990898142314
0.952583334834188
0.894437321867583
0.887517140062341
0.930950004401175
1.02099019934207
1.15122095346195
1.31290121534177
1.49543856640488
1.68696267901338
1.8749682857425
2.04699286293004
2.19129235197757
2.29747834720471
2.35708226361475
2.36401594891063
2.31490380768339
2.20926845861027
2.0495598714583
1.84102640074248
1.59143468863514
1.31065358812888
1.01012461590545
0.702247584623926
0.399714654094648
0.114828831661487
-0.141156206962664
-0.358639259694297
-0.530185073688842
-0.650920378692082
-0.71879105882241
-0.734666559208445
-0.70228589206891
-0.628048179938639
-0.520659087831191
-0.390652295819027
-0.249811926680336
-0.110527203883922
0.0148857168514691
0.114858022402853
0.179202114019543
0.199670753041611
0.170411201667379
0.0882897627127331
-0.0469308636759573
-0.232571022784893
-0.463171477908956
-0.730781295766074
-1.02538068182843
-1.33541589892239
-1.64841733622836
-1.9516672953984
-2.23288136946139
-2.48086655415793
-2.68612049016007
-2.84133942016383
-2.94180738470054
-2.98564560734304
-2.97390858596968
-2.91052170242494
-2.80206373931267
-2.65740608562953
-2.48722816826008
-2.30343534429623
-2.118510767225
-1.94483631259326
-1.79401932246666
-1.67626161227563
-1.59980489556266
-1.5704826455559
-1.59140265126607
-1.66277745173149
-1.78191182798117
-1.94334803142149
-2.13916088975518
-2.35938681926389
-2.59256352437127
-2.82635117411288
-3.04820143471543
-3.24603814663961
-3.40891280337591
-3.52759935215752
-3.5950961198218
-3.60700769262173
-3.5617860748853
-3.46081806647798
-3.30835412091079
-3.11128252427829
-2.87876110574773
-2.62172640003647
-2.35230681396928
-2.0831715438851
-1.82685046723654
-1.59506180204676
-1.3980839069592
-1.24420520523693
-1.13928198753745
-1.08642800946604
-1.08585266679213
-1.13485648984109
-1.22798418415521
-1.35732691784808
-1.51295747862566
-1.6834747323665
-1.85662789962103
-2.01998684656406
-2.1616220965969
-2.27075774272405
-2.3383619075027
-2.35764277739534
-2.32442334882146
-2.2373745875303
-2.09809436583058
-1.91102788900396
-1.68323390116565
-1.42400930761973
-1.14439251366759
-0.856572344136805
-0.57323451834846
-0.306881035258146
-0.0691592901457826
0.129762781860774
0.281741730516923
0.381094298397925
0.424900242558848
0.413155891562089
0.348770137012331
0.237403085456027
0.0871561109759754
-0.0918699097657544
-0.288124265102382
-0.48923422473844
-0.682677022520999
-0.856459633747173
-0.999769554161124
-1.10356135804048
-1.16104728927263
-1.16806533393108
-1.12330485443736
-1.0283775750346
-0.887730078760042
-0.7084025543647
-0.499646853439567
-0.272424532983341
-0.0388120546624731
0.188654662490109
0.397660856212947
0.576781859462114
0.716104151784719
0.807764903168285
0.84638080040964
0.829342937419182
0.756961798864019
0.632454478903551
0.461774814442309
0.253295613255884
0.0173601614731119
-0.234272730967914
-0.489060126980898
-0.734348644545085
-0.958053979777819
-1.14930951038798
-1.29904889268673
-1.40049113785237
-1.44950193117799
-1.44481165592843
-1.38807833871075
-1.28379212619475
-1.13902647938903
-0.96304956732067
-0.766816907934146
-0.562372730832284
-0.362192476320657
-0.178502030741862
-0.0226105568885969
0.0957069577519895
0.168744003212111
0.191284768419268
0.160891416651879
0.0780408537041426
-0.0538964266751429
-0.228834288215852
-0.438296070505248
-0.671869296806563
-0.917765373823111
-1.16345400310946
-1.39633797977715
-1.60443186769758
-1.77700782989889
-1.90517366969286
-1.98235180607946
-2.00463326765289
-1.97098755246159
-1.88331700102158
-1.74635274383385
-1.56739785793606
-1.35593163525016
-1.12309638129261
-0.881094519438853
-0.642528629365502
-0.41972013585588
-0.224043518758354
-0.0653120740478734
0.0487515348412767
0.112931285919776
0.124797858470463
0.0848375928585663
-0.00357662228961686
-0.134370952485734
-0.299102656328243
-0.487420582094001
-0.687629190224765
-0.887325566459274
-1.07407493945513
-1.23608813225823
-1.36286427173344
-1.44576395975704
-1.47848187286324
-1.45739319949437
-1.38175515147227
-1.25375262929092
-1.07838555486466
-0.863203954001321
-0.617905110373174
-0.353814577203183
-0.0832791183051486
0.180995583667375
0.426626624834636
0.642218106474724
0.817971958677521
0.9462123199286
1.02179510959918
1.04238064360587
1.00855455548893
0.923790494711727
0.794256636801523
0.628476492611824
0.436862389036316
0.231146884198239
0.0237429035555948
-0.172932759419288
-0.347135952072308
-0.488435054974409
-0.588279614171781
-0.640466926720407
-0.641481316311077
-0.590687726442484
-0.490369143599458
-0.345605815509155
-0.164002792320894
0.0447194719377464
0.269249308329339
0.49729444985983
0.716246035400081
0.913860069734474
1.07891946324826
1.20184082496168
1.27519317172565
1.29410048264906
1.256506313275
1.16328614849958
1.01820141275889
0.827697624668224
0.600557617357415
0.347428588748736
0.0802485735113322
-0.188396629099492
-0.445951274403895
-0.680565561646583
-0.881733021952915
-1.04085491779405
-1.15170111775857
-1.21074251393353
-1.21733700203353
-1.17375897029968
-1.08507071316944
-0.958842741391506
-0.804738138598424
-0.633983472731972
-0.458754910908447
-0.291512776008074
-0.144320574067461
-0.0281853624170139
0.0475448260726795
0.0756938748147171
0.0516530169794822
-0.0263626072069264
-0.157210171386662
-0.336873796069223
-0.558674654410926
-0.813625197365729
-1.090908345089
-1.37845572828664
-1.66359370256584
-1.93372219087436
-2.17698963231807
-2.38292752619866
-2.54301024659833
-2.65110984694344
-2.70382125682646
-2.70064028740048
-2.64398482729003
-2.53905809707825
-2.39356137777134
-2.21727177462189
-2.02150788145166
-1.81851227688047
-1.62078428432381
-1.44039911871295
-1.288350278978
-1.17395078657103
-1.10432568482996
-1.08402327419206
-1.11476613149518
-1.19535539568572
-1.32173350664698
-1.48720200753337
-1.68278262810136
-1.89770211128671
-2.11997454741653
-2.33704970244168
-2.53649225409111
-2.70665517622378
-2.83731082746073
-2.92020558834271
-2.94950802793257
-2.92212634209442
-2.83787787983872
-2.69950157826318
-2.5125126275672
-2.28490722530099
-2.02673339136843
-1.74955106330258
-1.46581068270574
-1.18818389424467
-0.928882569525822
-0.699002999314052
-0.507930734755709
-0.362838275279251
-0.268302775342529
-0.22606444616851
-0.234938713621334
-0.290886871548037
-0.387241391631119
-0.515073680315327
-0.663684363710808
-0.821189549769813
-0.975171322402731
-1.11335724566837
-1.22429208589176
-1.29796538052468
-1.32636087197931
-1.30389805321694
-1.22774191072437
-1.09796408364708
-0.917546699233704
-0.692228659177557
-0.430202678114704
-0.141679452992518
0.161657466898155
0.467276623912394
0.762469604926528
1.03503170764404
1.27391549882755
1.46982190964266
1.61569689336328
1.70710678118655
1.74247203626192
1.72314676899719
1.65333972353556
1.53988102428172
1.39184731818975
1.22006561148952
1.03652266389419
0.853711913842751
0.683953288409569
0.538722718222813
0.428027651704815
0.359862372652279
0.339772605380522
0.370552976163337
0.452093708654337
0.581384853554918
0.752677826158926
0.957795511011857
1.18657415158008
1.42741310973233
1.66790274103305
1.8954964033428
2.0981902268566
2.26517385280127
2.38741691834797
2.45815954188182
2.47328025745868
2.43152147894142
2.33456028402766
2.18692067892255
1.99573208274992
1.77034709268293
1.52183920582591
1.26240766996794
1.00472166089411
0.761239266989698
0.543538124736104
0.361693917619197
0.223740360097789
0.135239877839404
0.0989882041174232
0.114868864321017
0.179865408228194
0.288230712064134
0.431804171473085
0.600459602443835
0.782659593122409
0.966086288181257
1.13831445078828
1.28749035910006
1.40297977844001
1.47594992398887
1.49985390133607
1.47079139028008
1.38772603515917
1.25254776026606
1.0699766218221
0.847313384339794
0.594050304829262
0.321363174243558
0.0415120923431149
-0.232816608034166
-0.489191685824805
-0.716104705470759
-0.903588015369561
-1.04374955797349
-1.13119557892644
-1.16331836889806
-1.14043347554233
-1.06575896899981
-0.945237891717947
-0.787213509497948
-0.601974946325647
-0.401197799603311
-0.197310015271144
-0.00281734644243875
0.170375094308089
0.311608468276745
0.412048085618691
0.465162245956397
0.467076129168617
0.416781584065735
0.316191462320969
0.170035559094171
-0.0143962051177173
-0.227649458725105
-0.458618490982301
-0.695149026671555
-0.924698035245151
-1.13501485864958
-1.31480678753533
-1.45435305647748
-1.54603401968598
-1.5847468584417
-1.56818531174599
-1.4969682801152
-1.3746103308498
-1.20733568884207
-1.00374576702524
-0.774358216510679
-0.531042429354674
-0.28638203045998
-0.0529988460721539
0.15712507913167
0.3332907390736
0.466655899782708
0.55070827458937
0.581612548639072
0.558412487795109
0.483077209955198
0.360389130819247
0.197679664760802
0.00442700094338055
-0.208262260739093
-0.428259543910515
-0.643075963940719
-0.840543404871098
-1.00947812958864
-1.14029099337371
-1.22551122109582
-1.26019538663009
-1.24219944632635
-1.17229909032483
-1.05415188503261
-0.8941032428568
-0.700846707913665
-0.484956931435505
-0.258320601249152
-0.0334961130629172
0.176963371535276
0.361186853267121
0.508625782475291
0.610623060761254
0.660879969389503
0.655795760335106
0.594661536569017
0.479697933251048
0.315934564189436
0.110937760775475
-0.125598659811186
-0.382377448308689
-0.647108436846613
-0.9071724716853
-1.15030283451569
-1.36524727597694
-1.54237483516542
-1.67419460793264
-1.75575839293622
-1.78492542977465
-1.76247490792909
-1.69206016468273
-1.58000705876674
-1.43496744045938
-1.26744648178826
-1.08922945789538
-0.912739013021571
-0.750357707399557
-0.613752520970757
-0.513237884537172
-0.457211724412423
-0.451695055670033
-0.50000005552549
-0.602544595489059
-0.756823284988392
-0.95753660912847
-1.19687118753145
-1.46491600281762
-1.75019208886116
-2.04026702872279
-2.32242102243481
-2.58432849398131
-2.81471836592992
-3.00397728472917
-3.14466316720404
-3.23190129217208
-3.2636415176885
-3.24076272019655
-3.16701882005559
-3.04882933106826
-2.89492578574859
-2.71587318779415
-2.52349240642981
-2.33021478794557
-2.14840392774517
-1.98968132304538
-1.86429241584855
-1.78054734935677
-1.74436671693566
-1.75895689992911
-1.82463257663733
-1.93879601919439
-2.09607430901593
-2.28860705420663
-2.50646904639494
-2.73820499076532
-2.97144737686351
-3.19358405735619
-3.39243941090935
-3.55693222933935
-3.67767472802313
-3.74748026411144
-3.7617522869614
-3.7187334720508
-3.61960155564216
-3.46840668315014
-3.27185366057886
-3.03894089137378
-2.78047553635944
-2.5084911323816
-2.23559918335636
-1.97430981000243
-1.73635821824155
-1.53207343052462
-1.36982343626849
-1.25556678099125
-1.19253485250176
-1.18106204842417
-1.21857300527158
-1.29972756841239
-1.41671564466314
-1.55968596695214
-1.71728555257204
-1.87728064522784
-2.02722552065225
-2.15514294469121
-2.25017944167327
-2.3031998937396
-2.30728927484649
-2.25813434870444
-2.15426465598829
-1.99713973118318
-1.79107781129251
-1.54302987694747
-1.26221123696559
-0.959610577094541
-0.647403025295824
-0.338298980576512
-0.0448639289165995
0.221153959875116
0.44945208149692
0.631723509221948
0.762099213797899
0.837458475134153
0.857590702887017
0.825199924456093
0.745751713358782
0.627170857651725
0.479406145551056
0.313885836519776
0.142893301651325
-0.0211033629627125
-0.166131455820324
-0.281366702398034
-0.357723846821629
-0.388352829307575
-0.369013686302174
-0.298309874540205
-0.177767383137037
-0.0117553445919751
0.192747565506918
0.426528303521915
0.678635908109435
0.936972362135437
1.18894589199845
1.42215135020143
1.62504086037941
1.78754843010432
1.90163472716956
1.96172253492891
1.96499931784574
1.91157051953904
1.80445529311547
1.6494248903002
1.45469245035248
1.23047097118007
0.988423378243709
0.741034445722535
0.500938553003379
0.280239648994464
0.0898602177545951
-0.0610455313315247
-0.165582502113149
-0.219483026866632
-0.221332737612545
-0.172641782701965
-0.0777575482933839
0.0563763773773195
0.22060193720405
0.40404836116636
0.594726774267745
0.780185460176644
0.948190301279065
1.08739355303156
1.18795474162023
1.24208006483229
1.24445108651793
1.19251950636026
1.08665203462944
0.930117513918656
0.728916967496914
0.491465754817011
0.228145018807851
-0.0492533163138814
-0.32815797671846
-0.595892043513037
-0.840352485450836
-1.0506587593373
-1.21773539135955
-1.33479702511304
-1.39770970016775
-1.40520882294587
-1.3589620469899
-1.2634736726665
-1.12583575274797
-0.955339385989611
-0.762967246814265
-0.560794826051679
-0.361332797550805
-0.176846111028248
-0.0186866703476104
0.103324279584735
0.181430625146337
0.210363783774924
0.187630165613341
0.11364813513843
-0.00827294319858896
-0.172110444016313
-0.369453387374641
-0.589956929548427
-0.821901841302083
-1.05282869397432
-1.27021242963255
-1.4621408051212
-1.61795998933231
-1.72885236986389
-1.78831529325017
-1.79251482362615
-1.74049536791302
-1.63423381535968
-1.47853525342075
-1.28077589512734
-1.05050712133019
-0.798942056989726
-0.538352457307254
-0.281408532905832
-0.0404974308201012
0.172942757352419
0.349037429648734
0.480005110591548
0.560573640694545
0.588260408823603
0.563501476008084
0.489622617646172
0.372653866740211
0.220997610796707
0.0449682209329928
-0.143771855404372
-0.332849003169285
-0.509853864021501
-0.663018705821502
-0.781860061649428
-0.857751842341799
-0.884397889402375
-0.858178377563758
-0.778351303717164
-0.6470981418758
-0.469411177839566
-0.252828605832097
-0.00703170884942128
0.25667409112279
0.525966241483631
0.788167288256689
1.03092649942312
1.24288400545016
1.41428152573642
1.53748663988309
1.60740224105303
1.6217390219887
1.58113625627818
1.489124347037
1.35193117801747
1.17814275484472
0.978236509148184
0.764012529078537
0.547953503137473
0.342548021482207
0.159613861147298
0.0096578816653331
-0.0986928246257127
-0.15915774044924
-0.168142425852102
-0.124932341717042
-0.0317305063711346
0.106463050256104
0.282123507708398
0.485610414590452
0.705691638007226
0.930153740955177
1.14646574748617
1.34246036534479
1.50699579022739
1.63056226599992
1.70580056432018
1.72790431334989
1.69488439068502
1.60768106009737
1.47011777119802
1.28869910978184
1.07226382065199
0.831511667712911
0.578429723589337
0.32564912347945
0.0857670808414757
-0.129329157812811
-0.309099847004226
-0.444917277736627
-0.53052677772651
-0.562379243353368
-0.539817223136138
-0.465104498455067
-0.343297577243697
-0.181966072081753
0.00922288751330713
0.219033700385565
0.435276148191316
0.645470820839301
0.837530083928355
1.00041771829095
1.12475151630492
1.20331620713695
1.23145893645349
1.20734588269816
1.13206610777526
1.0095770081466
0.846494305459406
0.651737929908297
0.436052949213218
0.211431459249616
-0.00953328702174072
-0.214325567739226
-0.391181976088763
-0.529725789236859
-0.621526597988734
-0.66055491703922
-0.643507178553674
-0.569983525879784
-0.442508789837836
-0.266395516177093
-0.0494564601454603
0.198417889883317
0.465793893999557
0.740312515566249
1.00935681677049
1.26073307134113
1.48332863476272
1.66771097106279
1.80663542072324
1.89543423405337
1.93226582112439
1.91821073528599
1.85720920288802
1.75584358815945
1.62297757509586
1.46927160344778
1.30660079377579
1.14740687454232
1.00401919670568
0.887981594921851
0.809421538658819
0.776495728382621
0.79494215531824
0.867762881986768
0.995054726586134
1.17399703016013
1.39899718457253
1.66198606164503
1.95284737147796
2.25995773000491
2.57080822447865
2.87267385511576
3.15329464022501
3.40153154102801
3.60796172521622
3.76538097130874
3.86918604140465
3.91761634598726
3.91184183945803
3.85589240693579
3.75643258117304
3.62239379895115
3.46448411601715
3.2946019312575
3.12518546547077
2.96853321666921
2.83613218414781
2.73803023263346
2.68228657844764
2.67453015108972
2.71764974483461
2.81163274183205
2.95356114683781
3.13776515930898
3.35612598194715
3.59851148735138
3.85332117338692
4.10811092238096
4.35026375946499
4.56767031508156
4.74938217064982
4.88620273309891
4.97118366405634
